version https://git-lfs.github.com/spec/v1
oid sha256:49d8d4af15970391784cf9dc207de00823cd5b84597395526fca541a6d2fec98
size 82392
