version https://git-lfs.github.com/spec/v1
oid sha256:cb52c6e382a027efed1a8ba3dd5666e6a24216ed319befd370f820f1190ece95
size 82387
