version https://git-lfs.github.com/spec/v1
oid sha256:1cdb85a87cabf871e5830534096726d8941d40e08fad6209d0bbd3b288fe7542
size 82429
